3 10 40 28
5 10 40 34
6 20 65 48
10 20 65 64
11 40 115 88
20 40 115 124
21 80 215 168
40 80 215 244
41 160 415 328
80 160 415 484
81 320 815 648
160 320 815 964
161 640 1615 1288
320 640 1615 1924
321 1280 3215 2568
640 1280 3215 3844
641 2560 6415 5128
1280 2560 6415 7684
1281 5120 12815 10248
2560 5120 12815 15364
2561 10240 25615 20488
5120 10240 25615 30724
5121 20480 51215 40968
10240 20480 51215 61444
10241 40960 102415 81928
20480 40960 102415 122884
20481 81920 204815 163848
40960 81920 204815 245764
40961 163840 409615 327688
81920 163840 409615 491524
81921 327680 819215 655368
163840 327680 819215 983044
163841 655360 1638415 1310728
327680 655360 1638415 1966084
327681 1310720 3276815 2621448
655360 1310720 3276815 3932164
655361 2621440 6553615 5242888
1310720 2621440 6553615 7864324
1310721 5242880 13107215 10485768
2621440 5242880 13107215 15728644
2621441 10485760 26214415 20971528
5242880 10485760 26214415 31457284
5242881 20971520 52428815 41943048
10485760 20971520 52428815 62914564
10485761 41943040 104857615 83886088
20971520 41943040 104857615 125829124
20971521 83886080 209715215 167772168
41943040 83886080 209715215 251658244
